9, 60, 72, 77, 78, 90, 01/01/2022
25, 36, 45, 57, 70, 87, 01/03/2022
7, 18, 20, 37, 61, 88, 01/05/2022
18, 39, 49, 60, 75, 77, 01/08/2022
36, 55, 60, 64, 70, 86, 01/10/2022
1, 9, 39, 59, 64, 68, 01/12/2022
6, 19, 22, 23, 27, 84, 01/15/2022
4, 25, 32, 44, 67, 75, 01/17/2022
17, 40, 47, 50, 63, 75, 01/19/2022
15, 56, 61, 64, 68, 86, 01/22/2022
6, 24, 37, 56, 71, 83, 01/24/2022
30, 50, 58, 71, 87, 88, 01/26/2022
3, 8, 23, 61, 63, 64, 01/29/2022
17, 28, 44, 59, 66, 80, 01/31/2022
31, 38, 40, 42, 50, 71, 02/02/2022
6, 12, 66, 75, 76, 78, 02/05/2022
1, 12, 51, 57, 64, 76, 02/07/2022
9, 29, 43, 60, 68, 69, 02/09/2022
23, 33, 38, 62, 80, 90, 02/12/2022
23, 25, 37, 43, 45, 67, 02/14/2022
28, 39, 42, 68, 71, 74, 02/16/2022
5, 11, 12, 18, 34, 85, 02/19/2022
3, 28, 52, 87, 89, 90, 02/21/2022
10, 25, 28, 56, 66, 86, 02/23/2022
18, 59, 64, 74, 79, 80, 02/26/2022
14, 23, 40, 41, 42, 53, 02/28/2022
25, 69, 70, 76, 81, 84, 03/02/2022
18, 19, 42, 47, 53, 89, 03/05/2022
9, 25, 41, 52, 78, 86, 03/07/2022
15, 32, 68, 69, 81, 84, 03/09/2022
25, 29, 44, 61, 76, 79, 03/12/2022
19, 32, 40, 42, 47, 58, 03/14/2022
31, 40, 42, 45, 73, 89, 03/16/2022
9, 20, 22, 23, 25, 86, 03/19/2022
15, 18, 49, 56, 68, 79, 03/21/2022
6, 13, 19, 31, 70, 84, 03/23/2022
8, 11, 22, 41, 44, 59, 03/26/2022
5, 33, 36, 51, 68, 78, 03/28/2022
1, 13, 49, 56, 78, 88, 03/30/2022
15, 44, 72, 75, 80, 88, 04/02/2022
3, 8, 13, 22, 71, 73, 04/04/2022
5, 29, 44, 59, 64, 89, 04/06/2022
3, 6, 23, 53, 62, 71, 04/09/2022
26, 31, 33, 46, 60, 72, 04/11/2022
6, 38, 49, 62, 72, 82, 04/13/2022
16, 22, 47, 78, 79, 80, 04/16/2022
25, 27, 38, 68, 73, 88, 04/18/2022
4, 13, 15, 75, 79, 86, 04/20/2022
1, 3, 31, 70, 83, 86, 04/23/2022
2, 47, 48, 61, 75, 84, 04/25/2022
29, 32, 35, 47, 64, 73, 04/27/2022
9, 12, 36, 39, 57, 72, 04/30/2022
12, 23, 41, 45, 53, 77, 05/02/2022
26, 35, 39, 43, 48, 51, 05/04/2022
7, 8, 12, 35, 68, 73, 05/07/2022
7, 10, 32, 53, 63, 75, 05/09/2022
11, 27, 54, 57, 65, 82, 05/11/2022
1, 14, 38, 56, 66, 71, 05/14/2022
26, 53, 56, 57, 67, 80, 05/16/2022
14, 23, 43, 57, 74, 88, 05/18/2022
21, 46, 62, 73, 87, 90, 05/21/2022
9, 11, 25, 26, 66, 85, 05/23/2022
4, 18, 24, 34, 60, 86, 05/25/2022
9, 20, 26, 35, 38, 78, 05/28/2022
7, 20, 28, 34, 46, 86, 05/30/2022
20, 53, 59, 66, 76, 79, 06/01/2022
23, 42, 57, 71, 79, 89, 06/04/2022
9, 24, 33, 37, 62, 65, 06/06/2022
26, 50, 58, 69, 73, 88, 06/08/2022
4, 29, 55, 64, 72, 83, 06/11/2022
2, 3, 25, 57, 60, 86, 06/13/2022
7, 22, 28, 57, 86, 89, 06/15/2022
10, 20, 36, 49, 67, 71, 06/18/2022
14, 31, 40, 53, 61, 88, 06/20/2022
16, 18, 36, 37, 69, 77, 06/22/2022
9, 15, 25, 46, 49, 71, 06/25/2022
25, 45, 48, 55, 79, 82, 06/27/2022
1, 12, 19, 22, 53, 67, 06/29/2022
12, 36, 42, 71, 86, 89, 07/02/2022
20, 21, 55, 81, 86, 88, 07/04/2022
46, 79, 81, 82, 83, 88, 07/06/2022
15, 81, 83, 87, 88, 90, 07/09/2022
8, 22, 23, 40, 51, 89, 07/11/2022
3, 8, 21, 46, 60, 90, 07/13/2022
10, 17, 26, 29, 75, 80, 07/16/2022
9, 11, 27, 51, 62, 72, 07/18/2022
8, 25, 32, 41, 46, 49, 07/20/2022
9, 10, 28, 40, 53, 76, 07/23/2022
8, 15, 23, 34, 46, 73, 07/25/2022
3, 4, 19, 84, 85, 87, 07/27/2022
16, 18, 43, 53, 58, 78, 07/30/2022
4, 38, 63, 80, 86, 87, 08/01/2022
5, 12, 13, 14, 32, 71, 08/03/2022
11, 13, 16, 28, 53, 58, 08/06/2022
13, 17, 26, 29, 34, 90, 08/08/2022
9, 13, 19, 28, 46, 69, 08/10/2022
24, 46, 61, 69, 79, 86, 08/13/2022
3, 10, 28, 45, 67, 76, 08/15/2022
11, 26, 28, 64, 74, 87, 08/17/2022
34, 37, 44, 66, 74, 83, 08/20/2022
10, 12, 14, 31, 60, 69, 08/22/2022
3, 22, 38, 77, 82, 87, 08/24/2022
5, 9, 28, 29, 50, 81, 08/27/2022
13, 24, 34, 47, 76, 82, 08/29/2022
25, 45, 56, 72, 83, 89, 08/31/2022
33, 36, 41, 43, 69, 74, 09/03/2022
9, 16, 39, 49, 56, 77, 09/05/2022
8, 22, 25, 37, 70, 78, 09/07/2022
13, 19, 27, 32, 35, 84, 09/10/2022
12, 14, 24, 27, 65, 67, 09/12/2022
18, 34, 52, 64, 66, 67, 09/14/2022
55, 56, 60, 66, 79, 81, 09/17/2022
15, 23, 35, 39, 56, 64, 09/19/2022
